154,76
154,75
154,74
154,73
154,72
154,71
154,70
154,69
154,68
154,67
154,66
154,65
154,64
154,37
154,36
154,35
154,34
154,33
154,32
154,31
154,30
154,29
154,28
154,27
154,26
154,25
154,24
154,23
154,22
154,21
154,20
154,19
154,18
154,17
154,16
154,15
154,14
154,13
154,12
154,11
154,10
154,9
154,8
154,7
154,6
154,5
154,4
154,3
154,2
154,1
154,0
153,4
153,3
153,2
153,1
153,0
152,8
152,7
152,6
152,5
152,4
152,3
152,2
152,1
172,133
152,0
151,5
151,4
151,3
151,2
172,5
151,1
151,0
150,5
150,4
150,3
150,2
150,1
150,0
149,3
149,2
149,1
149,0
172,4
4,3
2,17
2,16
2,15
2,14
2,9
2,8
2,7
2,5
2,4
2,3
2,2
2,1
172,16
2,0
172,3
1,3
0,438
0,411
0,408
0,322
0,243
0,0
0,1
0,414
0,9
0,310
0,305
0,357
0,308
0,304
0,303
0,302
0,307
0,12
0,437
0,10
0,8
0,324
0,300
0,447
0,299
0,445
0,298
0,435
0,297
0,418
0,296
0,405
0,295
0,388
0,294
0,416
0,293
0,402
0,292
0,442
0,291
0,336
0,290
0,312
0,289
0,440
0,288
0,421
0,287
0,326
0,286
0,378
0,285
0,353
0,284
0,341
0,283
0,309
0,282
0,373
0,281
0,377
0,280
0,328
0,279
0,433
0,278
0,381
0,277
0,370
0,276
0,431
154,77
154,78
154,80
154,81
155,0
155,1
155,3
155,5
155,6
155,8
155,9
155,11
155,13
155,14
155,16
155,17
155,19
155,20
155,22
156,1
156,2
156,4
156,5
156,7
156,9
156,10
156,12
156,13
156,15
156,16
156,18
156,20
157,0
157,2
157,3
157,5
158,1
158,2
158,4
158,5
159,1
159,2
159,4
160,1
160,2
160,4
160,5
161,1
161,3
161,4
162,0
162,1
162,3
162,5
162,6
163,1
163,2
163,4
163,5
164,0
164,2
164,3
164,5
165,0
165,2
165,4
165,5
166,1
166,2
166,4
166,5
167,1
167,3
167,4
168,0
168,1
168,3
169,0
169,1
169,3
169,4
170,0
170,1
170,3
170,5
170,6
170,8
171,0
171,2
171,4
172,0
172,2
172,6
172,8
172,14
172,15
172,19
172,20
172,22
172,23
172,25
172,27
172,28
172,30
172,31
172,33
172,35
172,36
172,64
172,65
172,67
172,68
172,70
172,72
172,73
172,75
172,76
172,78
172,80
172,81
172,83
172,84
172,89
172,90
172,92
172,94
172,95
172,97
172,98
172,100
172,102
172,103
172,105
172,106
172,108
172,109
172,111
172,113
172,114
172,116
172,117
172,119
172,121
172,122
172,124
172,125
172,127
172,129
172,130
173,0
173,1
173,3
173,4
174,0
174,2
174,3
174,5
174,6
174,8
175,0
175,1
175,3
175,4
176,0
176,1
176,3
172,87
172,88
172,86
176,2
175,5
175,2
174,9
174,7
174,4
174,1
173,5
173,2
172,131
172,128
172,126
172,123
172,120
172,118
172,115
172,112
172,110
172,107
172,104
172,101
172,99
172,96
172,93
172,91
172,85
172,82
172,79
172,77
172,74
172,71
172,69
172,66
172,37
172,34
172,32
172,29
172,26
172,24
172,21
172,17
172,13
172,7
172,1
171,3
171,1
170,7
170,4
170,2
169,5
169,2
168,4
168,2
167,5
167,2
167,0
166,3
166,0
165,3
165,1
164,4
164,1
163,6
163,3
163,0
162,4
162,2
161,5
161,2
161,0
160,3
160,0
159,3
159,0
158,3
158,0
157,4
157,1
156,19
156,17
156,14
156,11
156,8
156,6
156,3
156,0
155,21
155,18
155,15
155,12
155,10
155,7
155,4
155,2
154,82
154,79
0,275
0,346
0,274
0,397
0,273
0,413
0,272
0,321
0,271
0,344
0,270
0,399
0,269
0,404
0,268
0,396
0,267
0,331
0,266
0,428
0,265
0,441
0,264
0,363
0,263
0,359
0,262
0,355
0,261
0,393
0,260
0,342
0,259
0,354
0,258
0,383
0,257
0,306
0,256
0,395
0,255
0,347
0,254
0,426
0,253
0,409
0,252
0,379
0,251
0,323
0,250
0,375
0,249
0,349
0,248
0,348
0,247
0,374
0,246
0,343
0,245
0,407
0,244
0,337
0,242
0,429
0,241
0,394
0,240
0,446
0,239
0,338
0,238
0,390
0,237
0,236
0,439
0,235
0,335
0,234
0,391
0,233
0,369
0,232
0,334
0,231
0,365
0,230
0,325
0,229
0,361
0,228
0,382
0,227
0,360
0,226
0,352
0,225
0,432
0,224
0,389
0,223
0,436
0,222
0,385
0,221
0,412
0,220
0,415
0,219
0,406
0,218
0,400
0,217
0,367
0,216
0,320
0,215
0,318
0,214
0,384
0,213
0,427
0,212
0,425
0,211
0,424
0,210
0,434
0,209
0,340
0,208
0,356
0,207
0,398
0,206
0,319
0,205
0,410
0,204
0,203
0,362
0,202
0,317
0,201
0,339
0,200
0,430
0,199
0,314
0,198
0,372
0,197
0,196
0,329
0,195
0,371
0,194
0,311
0,193
0,376
0,192
0,403
0,63
0,422
0,62
0,368
0,61
0,333
0,60
0,350
0,59
0,417
0,58
0,301
0,57
0,420
0,56
0,330
0,55
0,327
0,54
0,380
0,53
0,332
0,52
0,419
0,51
0,345
0,50
0,364
0,49
0,358
0,48
0,315
0,47
0,46
0,316
0,45
0,443
0,6
0,5
0,351
0,11
0,4
0,2
0,3
0,7
